
TOP A - 42 48 82 22 56 87 73 23 75 43 59 6 38 2 68 63 46 60 26 66 19 74 33 62 51 100 32 1 4 13 70 80 21 93 91 69 61 41 57 92 79 81 17 44 94 8 12 97 86 67 64 50 98 49 95 96 54 76 27 99 45 7 16 52 90 15 55 72 77 34 37 53 35 28 10 84 5 89 58 88 78 83 11 65 40 18 9 36 24 20 31 30 71 47 39 25 85 3 14 29  
[ 82 87 73 75 68 74 100 70 80 93 91 69 92 79 81 94 97 86 98 95 96 76 99 90 72 77 84 89 88 78 83 71 85 0 0 0 0 0 0 0 0 0 0 0 0 0 0 0 0 0 0 0 0 0 0 0 0 0 0 0 0 0 0 0 0 0 0 0 0 0 0 0 0 0 0 0 0 0 0 0 0 0 0 0 0 0 0 0 0 0 0 0 0 0 0 0 0 0 0 0  ]

TOP A - 82 87 73 75 68 74 100 70 80 93 91 69 92 79 81 94 97 86 98 95 96 76 99 90 72 77 84 89 88 78 83 71 85  
[ 0 0 0 0 0 0 0 0 0 0 0 0 0 0 0 0 0 0 0 0 0 0 0 0 0 0 0 0 0 0 0 0 0 100 93 91 92 94 97 98 95 96 99 90 0 0 0 0 0 0 0 0 0 0 0 0 0 0 0 0 0 0 0 0 0 0 0 0 0 0 0 0 0 0 0 0 0 0 0 0 0 0 0 0 0 0 0 0 0 0 0 0 0 0 0 0 0 0 0 0  ]

TOP A - 100 93 91 92 94 97 98 95 96 99 90  
[ 0 0 0 0 0 0 0 0 0 0 0 0 0 0 0 0 0 0 0 0 0 0 0 0 0 0 0 0 0 0 0 0 0 0 0 0 0 0 0 0 0 0 0 0 100 98 99 0 0 0 0 0 0 0 0 0 0 0 0 0 0 0 0 0 0 0 0 0 0 0 0 0 0 0 0 0 0 0 0 0 0 0 0 0 0 0 0 0 0 0 0 0 0 0 0 0 0 0 0 0  ]

TOP B - 90 96 95 97 94 92 91 93  [ 42 22 23 6 2 26 19 33 32 1 4 13 21 17 8 12 27 7 16 15 34 28 10 5 11 18 9 24 20 31 30 25 3 14 29 73 75 68 74 70 69 76 72 77 78 71 90 92 91 93 0 0 0 0 0 0 0 85 83 88 89 84 86 81 79 80 87 82 39 47 36 40 65 58 35 53 37 55 52 45 54 49 50 64 67 44 57 41 61 51 62 66 60 46 63 38 59 43 56 48  ]

TOP B - 85 83 88 89 84 86 81 79 80 87 82  [ 42 22 23 6 2 26 19 33 32 1 4 13 21 17 8 12 27 7 16 15 34 28 10 5 11 18 9 24 20 31 30 25 3 14 29 73 75 68 74 70 69 76 72 77 78 71 90 92 91 93 83 84 81 79 80 82 0 0 0 0 0 0 0 0 0 0 0 0 39 47 36 40 65 58 35 53 37 55 52 45 54 49 50 64 67 44 57 41 61 51 62 66 60 46 63 38 59 43 56 48  ]

TOP B - 39 47 36 40 65 58 35 53 37 55 52 45 54 49 50 64 67 44 57 41 61 51 62 66 60 46 63 38 59 43 56 48 42  [ 0 22 23 6 2 26 19 33 32 1 4 13 21 17 8 12 27 7 16 15 34 28 10 5 11 18 9 24 20 31 30 25 3 14 29 73 75 68 74 70 69 76 72 77 78 71 90 92 91 93 83 84 81 79 80 82 39 47 36 40 35 37 45 49 50 44 41 51 46 38 43 48 42 0 0 0 0 0 0 0 0 0 0 0 0 0 0 0 0 0 0 0 0 0 0 0 0 0 0 0  ]

TOP A - 59 63 60 66 62 61 57 67 64 58 65  [ 0 0 0 0 0 0 0 0 0 0 0 0 0 0 0 0 0 0 0 0 0 0 0 0 0 0 0 0 0 0 0 0 0 0 0 85 86 87 88 89 94 95 96 97 98 99 100 53 55 52 54 56 66 67 65 0 0 0 0 0 0 0 0 0 0 0 0 0 0 0 0 0 0 0 0 0 0 0 0 0 0 0 0 0 0 0 0 0 0 0 0 0 0 0 0 0 0 0 0 0  ]

TOP B - 58 64 57 61 62 60 63 59  [ 0 22 23 6 2 26 19 33 32 1 4 13 21 17 8 12 27 7 16 15 34 28 10 5 11 18 9 24 20 31 30 25 3 14 29 73 75 68 74 70 69 76 72 77 78 71 90 92 91 93 83 84 81 79 80 82 39 47 36 40 35 37 45 49 50 44 41 51 46 38 43 48 42 58 57 60 59 0 0 0 0 0 0 0 0 0 0 0 0 0 0 0 0 0 0 0 0 0 0 0  ]

BOTTOM A - 56 54 52 55 53  [ 0 0 0 0 0 0 0 0 0 0 0 0 0 0 0 0 0 0 0 0 0 0 0 0 0 0 0 56 61 62 63 64 65 66 67 85 86 87 88 89 94 95 96 97 98 99 100 0 0 0 0 0 0 0 0 0 0 0 0 0 0 0 0 0 0 0 0 0 0 0 0 0 0 0 0 0 0 0 0 0 0 0 0 0 0 0 0 0 0 0 0 0 0 0 0 0 0 0 0 0  ]

TOP B - 53 55 52 54  [ 0 22 23 6 2 26 19 33 32 1 4 13 21 17 8 12 27 7 16 15 34 28 10 5 11 18 9 24 20 31 30 25 3 14 29 73 75 68 74 70 69 76 72 77 78 71 90 92 91 93 83 84 81 79 80 82 39 47 36 40 35 37 45 49 50 44 41 51 46 38 43 48 42 58 57 60 59 53 52 0 0 0 0 0 0 0 0 0 0 0 0 0 0 0 0 0 0 0 0 0  ]



TOP A - 41 47 81 21 55 86 72 22 74 42 58 5 37 1 67 62 45 59 25 65 18 73 32 61 50 99 31 0 3 12 69 79 20 92 90 68 60 40 56 91 78 80 16 43 93 7 11 96 85 66 63 49 97 48 94 95 53 75 26 98 44 6 15 51 89 14 54 71 76 33 36 52 34 27 9 83 4 88 57 87 77 82 10 64 39 17 8 35 23 19 30 29 70 46 38 24 84 2 13 28  

[ 81 86 72 74 67 73 99 69 79 92 90 68 91 78 80 93 96 85 97 94 95 75 98 89 71 76 83 88 87 77 82 70 84  ]

TOP A - 81 86 72 74 67 73 99 69 79 92 90 68 91 78 80 93 96 85 97 94 95 75 98 89 71 76 83 88 87 77 82 70 84  
[ 99 92 90 91 93 96 97 94 95 98 89  ]

TOP A - 99 92 90 91 93 96 97 94 95 98 89  
[ 99 97 98  ]

TOP B - 89 95 94 96 93 91 90 92  [ 84 82 87 88 83 85 80 78 79 86 81 38 46 35 39 64 57 34 52 36 54 51 44 53 48 49 63 66 43 56 40 60 50 61 65 59 45 62 37 58 42 55 47 41 21 22 5 1 25 18 32 31 0 3 12 20 16 7 11 26 6 15 14 33 27 9 4 10 17 8 23 19 30 29 24 2 13 28 72 74 67 73 69 68 75 71 76 77 70 89 91 90 92  ]

TOP B - 84 82 87 88 83 85 80 78 79 86 81  [ 38 46 35 39 64 57 34 52 36 54 51 44 53 48 49 63 66 43 56 40 60 50 61 65 59 45 62 37 58 42 55 47 41 21 22 5 1 25 18 32 31 0 3 12 20 16 7 11 26 6 15 14 33 27 9 4 10 17 8 23 19 30 29 24 2 13 28 72 74 67 73 69 68 75 71 76 77 70 89 91 90 92 82 83 80 78 79 81  ]

TOP B - 38 46 35 39 64 57 34 52 36 54 51 44 53 48 49 63 66 43 56 40 60 50 61 65 59 45 62 37 58 42 55 47 41  [ 21 22 5 1 25 18 32 31 0 3 12 20 16 7 11 26 6 15 14 33 27 9 4 10 17 8 23 19 30 29 24 2 13 28 72 74 67 73 69 68 75 71 76 77 70 89 91 90 92 82 83 80 78 79 81 38 46 35 39 34 36 44 48 49 43 40 50 45 37 42 47 41  ]

TOP A - 58 62 59 65 61 60 56 66 63 57 64  [ 84 85 86 87 88 93 94 95 96 97 98 99 52 54 51 53 55 65 66 64  ]

TOP B - 57 63 56 60 61 59 62 58  [ 21 22 5 1 25 18 32 31 0 3 12 20 16 7 11 26 6 15 14 33 27 9 4 10 17 8 23 19 30 29 24 2 13 28 72 74 67 73 69 68 75 71 76 77 70 89 91 90 92 82 83 80 78 79 81 38 46 35 39 34 36 44 48 49 43 40 50 45 37 42 47 41 57 56 59 58  ]

BOTTOM A - 53 51 54 52 99  [ 99 60 61 62 63 64 65 55 66 84 85 86 87 88 93 94 95 96 97 98  ]



TOP A { 99 }  - 41 47 81 21 55 86 72 22 74 42 58 5 37 1 67 62 45 59 25 65 18 73 32 61 50 99 31 0 3 12 69 79 20 92 90 68 60 40 56 91 78 80 16 43 93 7 11 96 85 66 63 49 97 48 94 95 53 75 26 98 44 6 15 51 89 14 54 71 76 33 36 52 34 27 9 83 4 88 57 87 77 82 10 64 39 17 8 35 23 19 30 29 70 46 38 24 84 2 13 28  [ 81 86 72 74 67 73 99 69 79 92 90 68 91 78 80 93 96 85 97 94 95 75 98 89 71 76 83 88 87 77 82 70 84  ]

TOP A { 99 }  - 81 86 72 74 67 73 99 69 79 92 90 68 91 78 80 93 96 85 97 94 95 75 98 89 71 76 83 88 87 77 82 70 84  [ 99 92 90 91 93 96 97 94 95 98 89  ]

TOP A { 99 }  - 99 92 90 91 93 96 97 94 95 98 89  [ 99 97 98  ]

TOP B { 66 }  - 62 66 63 49 48 53 26 45  [ 44 6 59 15 25 51 14 55 54 33 65 36 52 34 27 18 9 22 4 32 57 10 47 64 39 17 61 8 50 35 23 31 19 42 30 0 29 58 46 38 24 3 2 5 13 12 28 21 81 86 72 20 74 37 67 60 73 40 69 56 79 68 16 78 80 85 75 1 71 43 76 7 83 88 87 77 41 82 70 11 84 92 90 91 93 96 94 95 89 62 49 48 53 26 45  ]

TOP B { 65 }  - 44 6 59 15 25 51 14 55 54 33 65  [ 36 52 34 27 18 9 22 4 32 57 10 47 64 39 17 61 8 50 35 23 31 19 42 30 0 29 58 46 38 24 3 2 5 13 12 28 21 81 86 72 20 74 37 67 60 73 40 69 56 79 68 16 78 80 85 75 1 71 43 76 7 83 88 87 77 41 82 70 11 84 92 90 91 93 96 94 95 89 62 49 48 53 26 45 44 6 59 15 25 51 14 55 54 33  ]

TOP B { 64 }  - 36 52 34 27 18 9 22 4 32 57 10 47 64 39 17 61 8 50 35 23 31 19 42 30 0 29 58 46 38 24 3 2 5  [ 13 12 28 21 81 86 72 20 74 37 67 60 73 40 69 56 79 68 16 78 80 85 75 1 71 43 76 7 83 88 87 77 41 82 70 11 84 92 90 91 93 96 94 95 89 62 49 48 53 26 45 44 6 59 15 25 51 14 55 54 33 36 34 27 18 9 22 4 32 10 47 39 17 8 35 23 31 19 42 30 0 29 46 38 24 3 2 5  ]

TOP A { 99 }  - 98 99 66 63  [ 52 65 57 64 61 50 97 58 99  ]

